% Training data
function Y = train_data

Y=[ 0.0005   -0.0708    0.3285    0.2276
    0.0005   -0.0702    0.3285    0.2253
    0.0004   -0.0697    0.3371    0.2231
    0.0003   -0.0682    0.3233    0.2164
    0.0004   -0.0677    0.3219    0.2142
    0.0004   -0.0660    0.3640    0.2074
    0.0004   -0.0632    0.3731    0.1944
    0.0003   -0.0621    0.3238    0.1889
    0.0003   -0.0616    0.3565    0.1867
    0.0003   -0.0610    0.3352    0.1841
    0.0003   -0.0595    0.3361    0.1776
    0.0003   -0.0590    0.3333    0.1752
    0.0003   -0.0580    0.2979    0.1706
    0.0003   -0.0575    0.3152    0.1688
    0.0003   -0.0569    0.3407    0.1667
    0.0004   -0.0554    0.3301    0.1599
    0.0004   -0.0548    0.3294    0.1577
    0.0004   -0.0543    0.3227    0.1555
    0.0004   -0.0538    0.3121    0.1533
    0.0004   -0.0533    0.3040    0.1513
    0.0005   -0.0513    0.3126    0.1433
    0.0006   -0.0498    0.3195    0.1371
    0.0006   -0.0489    0.2810    0.1331
    0.0005   -0.0475    0.3124    0.1281
    0.0005   -0.0470    0.2764    0.1261
    0.0005   -0.0461    0.3024    0.1229
    0.0004   -0.0456    0.3095    0.1211
    0.0004   -0.0452    0.2873    0.1191
    0.0004   -0.0448    0.2584    0.1174
    0.0004   -0.0443    0.2824    0.1160
    0.0004   -0.0438    0.3101    0.1144
    0.0004   -0.0429    0.2936    0.1105
    0.0004   -0.0420    0.2753    0.1072
    0.0004   -0.0415    0.2869    0.1057
    0.0005   -0.0411    0.2948    0.1040
    0.0005   -0.0405    0.3199    0.1022
    0.0006   -0.0401    0.2928    0.1001
    0.0005   -0.0387    0.2767    0.0950
    0.0005   -0.0378    0.2731    0.0919
    0.0006   -0.0365    0.2979    0.0877
    0.0005   -0.0361    0.2997    0.0859
    0.0005   -0.0356    0.2675    0.0840
    0.0004   -0.0336    0.2626    0.0771
    0.0004   -0.0331    0.2686    0.0757
    0.0004   -0.0323    0.2507    0.0728
    0.0003   -0.0319    0.2428    0.0716
    0.0003   -0.0315    0.2389    0.0704
    0.0004   -0.0307    0.2657    0.0680
    0.0004   -0.0303    0.2938    0.0666
    0.0003   -0.0298    0.2676    0.0648
    0.0003   -0.0287    0.2378    0.0609
    0.0004   -0.0282    0.2682    0.0598
    0.0003   -0.0268    0.2363    0.0552
    0.0001   -0.0250    0.2231    0.0503
    0.0002   -0.0246    0.2248    0.0493
    0.0002   -0.0239    0.2491    0.0471
    0.0002   -0.0235    0.2325    0.0458
    0.0002   -0.0231    0.2146    0.0447
    0.0002   -0.0228    0.2148    0.0438
    0.0001   -0.0225    0.2103    0.0429
    0.0001   -0.0221    0.2049    0.0420
    0.0001   -0.0214    0.2242    0.0400
    0.0001   -0.0210    0.2204    0.0390
    0.0000   -0.0207    0.2222    0.0380
    0.0000   -0.0203    0.2087    0.0370
    0.0000   -0.0200    0.1928    0.0362
    0.0000   -0.0197    0.2181    0.0354
    0.0000   -0.0193    0.2054    0.0345
   -0.0000   -0.0191    0.1669    0.0336
    0.0000   -0.0188    0.1786    0.0330
   -0.0000   -0.0182    0.1840    0.0317
    0.0000   -0.0179    0.1954    0.0310
   -0.0001   -0.0175    0.1928    0.0302
   -0.0001   -0.0172    0.2223    0.0295
   -0.0002   -0.0165    0.1787    0.0276
   -0.0001   -0.0163    0.1611    0.0269
   -0.0001   -0.0160    0.1818    0.0264
   -0.0001   -0.0157    0.1821    0.0257
   -0.0001   -0.0154    0.1812    0.0250
   -0.0001   -0.0148    0.1892    0.0239
   -0.0001   -0.0142    0.1793    0.0225
   -0.0001   -0.0133    0.1845    0.0205
   -0.0001   -0.0131    0.1797    0.0198
   -0.0001   -0.0128    0.1548    0.0192
   -0.0000   -0.0122    0.2000    0.0180
   -0.0000   -0.0119    0.1862    0.0172
   -0.0001   -0.0111    0.1481    0.0155
   -0.0000   -0.0104    0.1598    0.0143
    0.0000   -0.0101    0.1574    0.0137
   -0.0000   -0.0095    0.1838    0.0127
   -0.0000   -0.0093    0.1631    0.0120
    0.0000   -0.0085    0.1465    0.0102
    0.0002   -0.0080    0.1406    0.0094
    0.0002   -0.0077    0.1600    0.0090
    0.0002   -0.0075    0.1682    0.0085
    0.0002   -0.0072    0.1602    0.0079
    0.0002   -0.0067    0.1342    0.0070
    0.0002   -0.0063    0.1552    0.0064
    0.0002   -0.0058    0.1498    0.0055
    0.0002   -0.0056    0.1190    0.0051
    0.0003   -0.0053    0.1022    0.0046
    0.0003   -0.0051    0.0900    0.0044
    0.0003   -0.0049    0.1070    0.0043
    0.0002   -0.0044    0.1098    0.0035
    0.0003   -0.0039    0.0990    0.0029
    0.0003   -0.0037    0.1102    0.0028
    0.0003   -0.0035    0.1059    0.0025
    0.0003   -0.0033    0.1169    0.0023
    0.0003   -0.0032    0.0800    0.0020
    0.0003   -0.0031    0.0813    0.0019
    0.0001   -0.0029    0.0598    0.0017
    0.0001   -0.0028    0.0553    0.0016
    0.0001   -0.0027    0.0439    0.0016
    0.0000   -0.0026    0.0602    0.0015
    0.0000   -0.0024    0.0943    0.0015
    0.0000   -0.0022    0.0987    0.0013
    0.0000   -0.0021    0.0691    0.0011
    0.0000   -0.0020    0.0483    0.0010
    0.0001   -0.0019    0.0693    0.0009
    0.0000   -0.0018    0.0707    0.0008
    0.0000   -0.0013    0.0569    0.0006];